[beta,resnorm,r,e,o,l,J]=lsqcurvefit('mymodel',[1 200], ti,data,[0 0],[3 1000],options,tau);
[testpars1,resnorm1,residual1,exitflag1,output1,lambda1,jacobian1] = lsqcurvefit('funccosnlin', temp_vect, xtdata, ydata, LB, UB, options);

%CALC VARIANCE COV MATRIX AND CORRELATION MATRIX OF PARAMETERS
%convert jac to full matrix for ver 5.3
jac=jacobian_use3;

jac=full(jac);
xtx=jac'*jac;
xtxinv=inv(xtx);

%Calc correlation matrix cor and variance inflation varinf
varinf=diag(xtxinv);
cor=xtxinv./sqrt(varinf*varinf');

cor =
     1.0000    0.0512   -0.0121   -0.0003    0.0219   -0.2385   -0.2458
     0.0512    1.0000   -0.2390   -0.0395   -0.4624   -0.1695   -0.5387
    -0.0121   -0.2390    1.0000    0.0282   -0.0017    0.0087    0.7316
    -0.0003   -0.0395    0.0282    1.0000   -0.0000    0.0002    0.0123
     0.0219   -0.4624   -0.0017   -0.0000    1.0000   -0.1126   -0.0074
    -0.2385   -0.1695    0.0087    0.0002   -0.1126    1.0000    0.0665
    -0.2458   -0.5387    0.7316    0.0123   -0.0074    0.0665    1.0000          
 
cor =
    1.0000   -0.3401    0.0412   -0.0264   -0.0507   -0.1190   -0.0810   -0.2718    0.0202
   -0.3401    1.0000    0.0691   -0.1488    0.2029   -0.1216   -0.0017    0.4418    0.1346
    0.0412    0.0691    1.0000   -0.1112    0.2461    0.1799    0.7480    0.2456    0.1017
   -0.0264   -0.1488   -0.1112    1.0000   -0.0843   -0.0634   -0.1378   -0.2774   -0.9658
   -0.0507    0.2029    0.2461   -0.0843    1.0000    0.7296    0.3842    0.1618    0.0767
   -0.1190   -0.1216    0.1799   -0.0634    0.7296    1.0000    0.2888    0.1798    0.0586
   -0.0810   -0.0017    0.7480   -0.1378    0.3842    0.2888    1.0000    0.4212    0.1376
   -0.2718    0.4418    0.2456   -0.2774    0.1618    0.1798    0.4212    1.0000    0.2744
    0.0202    0.1346    0.1017   -0.9658    0.0767    0.0586    0.1376    0.2744    1.0000      
    
cor =
    1.0000   -0.1991    0.0343   -0.0279    0.0864    0.0233   -0.1159   -0.1395    0.0235   -0.0560   -0.2981
   -0.1991    1.0000    0.0578   -0.1429    0.3240    0.0456   -0.0477    0.5098    0.1314   -0.0566   -0.3511
    0.0343    0.0578    1.0000   -0.1017    0.2092    0.1514    0.7398    0.2206    0.0956   -0.0801    0.0207
   -0.0279   -0.1429   -0.1017    1.0000   -0.0843   -0.0656   -0.1359   -0.2656   -0.9653   -0.0949    0.0144
    0.0864    0.3240    0.2092   -0.0843    1.0000    0.7798    0.2858    0.2890    0.0780   -0.0344   -0.4369
    0.0233    0.0456    0.1514   -0.0656    0.7798    1.0000    0.2040    0.3007    0.0618   -0.0341   -0.4242
   -0.1159   -0.0477    0.7398   -0.1359    0.2858    0.2040    1.0000    0.3461    0.1350    0.0371    0.1308
   -0.1395    0.5098    0.2206   -0.2656    0.2890    0.3007    0.3461    1.0000    0.2638   -0.0297   -0.3483
    0.0235    0.1314    0.0956   -0.9653    0.0780    0.0618    0.1350    0.2638    1.0000    0.0578   -0.0173
   -0.0560   -0.0566   -0.0801   -0.0949   -0.0344   -0.0341    0.0371   -0.0297    0.0578    1.0000    0.1382
   -0.2981   -0.3511    0.0207    0.0144   -0.4369   -0.4242    0.1308   -0.3483   -0.0173    0.1382    1.0000
           
